% logfile for Python side
% 1 time (sec)
% 2 Mission state
% 3,4,5 (x,y,h) (m,m,rad)
% 6 Camera frame count
% 7-9 Line sensor: line position, e*kp, control y (rad/s), validCnt
%     Line sensor: Kp=1.0, tau_z=0.8s, tau_p=0.25s
% 10,11 trip A (distance and heading change)
% 12,13 trip B (distance and heading change)
% 1770715442.8371499 robobot/cmd/ti alive 2026-02-10 10:24:02.777098
% 1770715442.8376458 robobot/cmd/ti log 1
1770715442.885014 0 0.722 0.212 1.625 0 0.00 0.00 0.000 0.000 0 0.000 1.625 0.0000 1.6249
1770715442.9354203 0 0.722 0.212 1.625 0 0.00 0.00 0.000 0.000 0 0.000 1.625 0.0000 1.6249
1770715442.935758 0 0.722 0.212 1.625 0 0.00 0.00 0.000 0.000 0 0.000 1.625 0.0000 1.6249
1770715442.9849832 0 0.722 0.212 1.625 0 0.00 0.00 0.000 0.000 0 0.000 1.625 0.0000 1.6249
1770715443.035638 0 0.722 0.212 1.625 0 0.00 0.00 0.000 0.000 0 0.000 1.625 0.0000 1.6249
1770715443.035895 0 0.722 0.212 1.625 0 0.00 0.00 0.000 0.000 0 0.000 1.625 0.0000 1.6249
1770715443.084683 0 0.722 0.212 1.625 0 0.00 0.00 0.000 0.000 0 0.000 1.625 0.0000 1.6249
1770715443.1351504 0 0.722 0.212 1.625 0 0.00 0.00 0.000 0.000 0 0.000 1.625 0.0000 1.6249
1770715443.1353576 0 0.722 0.212 1.625 0 0.00 0.00 0.000 0.000 0 0.000 1.625 0.0000 1.6249
1770715443.1857677 0 0.722 0.212 1.625 0 0.00 0.00 0.000 0.000 0 0.000 1.625 0.0000 1.6249
% 1770715443.2307482 robobot/cmd/T0 enc0
% 1770715443.231567 robobot/cmd/T0 confw 0.074 0.074 19 92 0.23
% 1770715443.2321553 robobot/cmd/T0 confi
1770715443.236038 0 0.000 0.000 0.000 0 0.00 0.00 0.000 0.000 0 0.000 0.000 0.0000 0.0000
1770715443.236207 0 0.000 0.000 0.000 0 0.00 0.00 0.000 0.000 0 0.000 0.000 0.0000 0.0000
1770715443.2849498 0 0.000 0.000 0.000 0 0.00 0.00 0.000 0.000 0 0.000 0.000 0.0000 0.0000
% 1770715443.299298 robobot/cmd/T0 lip 1
% 1770715443.2998312 robobot/cmd/T0 sub livn 10
% 1770715443.320332 robobot/cmd/T0 liwi
1770715443.3356328 0 0.000 0.000 0.000 1 -3.50 3.50 0.000 0.000 3 0.000 0.000 0.0000 0.0000
1770715443.3359842 0 0.000 0.000 0.000 1 -3.50 3.50 0.000 0.000 4 0.000 0.000 0.0000 0.0000
% 1770715443.33918 robobot/cmd/ti alive 2026-02-10 10:24:02.777098
% 1770715443.3411837 robobot/cmd/T0 leds 16 30 30 0
% 1770715443.3417733 robobot/cmd/T0 leds 16 0 100 0
% 1770715443.3424702 robobot/cmd/ti rc 0.2 0.5
1770715443.386443 0 0.001 0.000 0.001 1 -3.50 3.50 0.000 0.000 9 0.001 0.001 0.0009 0.0012
1770715443.435829 0 0.007 0.000 0.020 1 -3.50 3.50 0.000 0.000 14 0.006 0.020 0.0058 0.0197
1770715443.4362905 0 0.008 0.000 0.022 1 -3.50 3.50 0.000 0.000 14 0.007 0.022 0.0072 0.0220
1770715443.4874635 0 0.017 0.000 0.043 1 -3.50 3.50 0.000 0.000 19 0.016 0.043 0.0157 0.0428
1770715443.5359244 0 0.025 0.001 0.064 1 -3.50 3.50 0.000 0.000 20 0.025 0.064 0.0248 0.0636
1770715443.536136 0 0.026 0.001 0.066 1 -3.50 3.50 0.000 0.000 20 0.025 0.066 0.0248 0.0659
1770715443.5865173 0 0.036 0.002 0.089 1 -3.50 3.50 0.000 0.000 20 0.034 0.089 0.0342 0.0890
1770715443.6355503 0 0.045 0.003 0.111 1 -3.50 3.50 0.000 0.000 20 0.044 0.111 0.0437 0.1110
1770715443.6361575 0 0.046 0.003 0.113 1 -3.50 3.50 0.000 0.000 20 0.045 0.113 0.0451 0.1133
1770715443.6864796 0 0.056 0.004 0.138 1 -3.50 3.50 0.000 0.000 20 0.055 0.138 0.0548 0.1376
1770715443.7359204 0 0.065 0.005 0.160 1 -3.50 3.50 0.000 0.000 20 0.065 0.160 0.0645 0.1596
1770715443.736257 0 0.066 0.005 0.162 1 -3.50 3.50 0.000 0.000 20 0.065 0.162 0.0645 0.1619
1770715443.7867427 0 0.076 0.007 0.185 1 -3.50 3.50 0.000 0.000 20 0.074 0.185 0.0740 0.1850
1770715443.83621 0 0.085 0.009 0.207 1 -3.50 3.50 0.000 0.000 20 0.084 0.207 0.0836 0.2070
1770715443.8367035 0 0.085 0.009 0.209 1 -3.50 3.50 0.000 0.000 20 0.085 0.209 0.0853 0.2093
% 1770715443.8413687 robobot/cmd/ti alive 2026-02-10 10:24:02.777098
1770715443.8866937 0 0.095 0.011 0.234 1 -3.50 3.50 0.000 0.000 20 0.095 0.234 0.0948 0.2336
1770715443.9357643 0 0.104 0.013 0.256 1 -3.50 3.50 0.000 0.000 20 0.105 0.256 0.1046 0.2556
1770715443.9369376 0 0.105 0.014 0.258 1 -3.50 3.50 0.000 0.000 20 0.105 0.258 0.1046 0.2579
1770715443.9860294 0 0.115 0.016 0.282 1 -3.50 3.50 0.000 0.000 20 0.114 0.282 0.1142 0.2822
1770715444.0361714 0 0.123 0.019 0.303 1 -3.50 3.50 0.000 0.000 20 0.124 0.303 0.1238 0.3030
1770715444.036505 0 0.125 0.019 0.305 1 -3.50 3.50 0.000 0.000 20 0.125 0.305 0.1254 0.3053
1770715444.087201 0 0.134 0.023 0.330 1 -3.50 3.50 0.000 0.000 20 0.135 0.330 0.1350 0.3296
1770715444.1361167 0 0.142 0.025 0.350 1 -3.50 3.50 0.000 0.000 20 0.145 0.350 0.1446 0.3504
1770715444.1372766 0 0.143 0.026 0.353 1 -3.50 3.50 0.000 0.000 20 0.145 0.353 0.1446 0.3527
1770715444.1881998 0 0.153 0.029 0.378 1 -3.50 3.50 0.000 0.000 20 0.154 0.378 0.1542 0.3782
1770715444.236303 0 0.161 0.033 0.398 1 -3.50 3.50 0.000 0.000 20 0.164 0.398 0.1638 0.3978
1770715444.237441 0 0.162 0.033 0.400 1 -3.50 3.50 0.000 0.000 20 0.165 0.400 0.1655 0.4001
1770715444.28713 0 0.171 0.037 0.424 1 -3.50 3.50 0.000 0.000 20 0.175 0.424 0.1751 0.4244
1770715444.3358989 0 0.179 0.041 0.445 1 -3.50 3.50 0.000 0.000 20 0.185 0.445 0.1847 0.4453
1770715444.3369684 0 0.180 0.041 0.448 1 -3.50 3.50 0.000 0.000 20 0.185 0.448 0.1847 0.4476
% 1770715444.3437605 robobot/cmd/ti alive 2026-02-10 10:24:02.777098
1770715444.3875337 0 0.189 0.046 0.472 1 -3.50 3.50 0.000 0.000 20 0.194 0.472 0.1943 0.4719
1770715444.4354336 0 0.197 0.050 0.494 1 -3.50 3.50 0.000 0.000 20 0.204 0.494 0.2040 0.4938
1770715444.4369636 0 0.198 0.051 0.496 1 -3.50 3.50 0.000 0.000 20 0.206 0.496 0.2056 0.4961
1770715444.4880338 0 0.207 0.055 0.520 1 -3.50 3.50 0.000 0.000 20 0.215 0.520 0.2151 0.5204
1770715444.535442 0 0.215 0.060 0.541 1 -3.50 3.50 0.000 0.000 20 0.225 0.541 0.2248 0.5412
1770715444.5377297 0 0.216 0.061 0.544 1 -3.50 3.50 0.000 0.000 20 0.225 0.544 0.2248 0.5436
1770715444.587168 0 0.224 0.066 0.568 1 -3.50 3.50 0.000 0.000 20 0.234 0.568 0.2344 0.5678
1770715444.635878 0 0.232 0.071 0.590 1 -3.50 3.50 0.000 0.000 20 0.244 0.590 0.2441 0.5898
1770715444.637159 0 0.232 0.071 0.591 1 -3.50 3.50 0.000 0.000 20 0.246 0.591 0.2457 0.5910
1770715444.6891484 0 0.241 0.077 0.615 1 -3.50 3.50 0.000 0.000 20 0.255 0.615 0.2554 0.6153
1770715444.7356436 0 0.248 0.082 0.637 1 -3.50 3.50 0.000 0.000 20 0.265 0.637 0.2649 0.6372
1770715444.7380278 0 0.249 0.083 0.639 1 -3.50 3.50 0.000 0.000 20 0.265 0.639 0.2649 0.6395
1770715444.7879884 0 0.257 0.089 0.664 1 -3.50 3.50 0.000 0.000 20 0.275 0.664 0.2745 0.6638
1770715444.8362021 0 0.264 0.095 0.686 1 -3.50 3.50 0.000 0.000 20 0.284 0.686 0.2842 0.6858
1770715444.8381093 0 0.265 0.095 0.687 1 -3.50 3.50 0.000 0.000 20 0.286 0.687 0.2859 0.6870
% 1770715444.8457177 robobot/cmd/ti alive 2026-02-10 10:24:02.777098
1770715444.8880968 0 0.272 0.102 0.711 1 -3.50 3.50 0.000 0.000 20 0.295 0.711 0.2954 0.7112
1770715444.9361105 0 0.279 0.108 0.733 1 -3.50 3.50 0.000 0.000 20 0.305 0.733 0.3050 0.7332
1770715444.937574 0 0.280 0.108 0.736 1 -3.50 3.50 0.000 0.000 20 0.305 0.736 0.3050 0.7355
1770715444.9880536 0 0.287 0.115 0.760 1 -3.50 3.50 0.000 0.000 20 0.315 0.760 0.3145 0.7598
1770715445.0358763 0 0.294 0.122 0.781 1 -3.50 3.50 0.000 0.000 20 0.324 0.781 0.3242 0.7806
1770715445.0383017 0 0.294 0.122 0.783 1 -3.50 3.50 0.000 0.000 20 0.326 0.783 0.3259 0.7829
1770715445.0886676 0 0.301 0.129 0.807 1 -3.50 3.50 0.000 0.000 20 0.336 0.807 0.3356 0.8072
1770715445.135678 0 0.307 0.136 0.829 1 -3.50 3.50 0.000 0.000 20 0.345 0.829 0.3451 0.8292
1770715445.1378255 0 0.308 0.136 0.832 1 -3.50 3.50 0.000 0.000 20 0.345 0.832 0.3451 0.8315
1770715445.1883636 0 0.315 0.144 0.856 1 -3.50 3.50 0.000 0.000 20 0.355 0.856 0.3548 0.8558
1770715445.2364194 0 0.321 0.151 0.878 1 -3.50 3.50 0.000 0.000 20 0.364 0.878 0.3644 0.8778
1770715445.237893 0 0.321 0.152 0.880 1 -3.50 3.50 0.000 0.000 20 0.366 0.880 0.3660 0.8801
1770715445.2891686 0 0.328 0.160 0.904 1 -3.50 3.50 0.000 0.000 20 0.376 0.904 0.3756 0.9044
1770715445.3360572 0 0.333 0.167 0.924 1 -3.50 3.50 0.000 0.000 20 0.385 0.924 0.3852 0.9240
1770715445.3386197 0 0.334 0.168 0.927 1 -3.50 3.50 0.000 0.000 20 0.385 0.927 0.3852 0.9275
% 1770715445.347522 robobot/cmd/ti alive 2026-02-10 10:24:02.777098
1770715445.3887506 0 0.340 0.176 0.952 1 -3.50 3.50 0.000 0.000 20 0.395 0.952 0.3948 0.9518
1770715445.4354289 0 0.345 0.183 0.974 1 -3.50 3.50 0.000 0.000 20 0.404 0.974 0.4044 0.9738
1770715445.4389653 0 0.345 0.184 0.976 1 -3.50 3.50 0.000 0.000 20 0.406 0.976 0.4061 0.9761
1770715445.489556 0 0.351 0.192 1.000 1 -3.50 3.50 0.000 0.000 20 0.416 1.000 0.4156 1.0004
1770715445.5353098 0 0.356 0.200 1.021 1 -3.50 3.50 0.000 0.000 20 0.425 1.021 0.4252 1.0212
1770715445.5388532 0 0.356 0.201 1.024 1 -3.50 3.50 0.000 0.000 20 0.425 1.024 0.4252 1.0235
1770715445.5894206 0 0.361 0.209 1.048 1 -3.50 3.50 0.000 0.000 20 0.435 1.048 0.4348 1.0478
1770715445.6365216 0 0.366 0.217 1.070 1 -3.50 3.50 0.000 0.000 20 0.444 1.070 0.4444 1.0697
1770715445.6387477 0 0.366 0.218 1.072 1 -3.50 3.50 0.000 0.000 20 0.446 1.072 0.4460 1.0721
1770715445.6897383 0 0.371 0.227 1.096 1 -3.50 3.50 0.000 0.000 20 0.456 1.096 0.4557 1.0963
1770715445.7365127 0 0.375 0.235 1.117 1 -3.50 3.50 0.000 0.000 20 0.465 1.117 0.4654 1.1172
1770715445.7388587 0 0.375 0.236 1.121 1 -3.50 3.50 0.000 0.000 20 0.465 1.121 0.4654 1.1206
1770715445.7890942 0 0.380 0.245 1.144 1 -3.50 3.50 0.000 0.000 20 0.475 1.144 0.4749 1.1438
1770715445.835981 0 0.383 0.253 1.165 1 -3.50 3.50 0.000 0.000 20 0.484 1.165 0.4845 1.1646
1770715445.8395858 0 0.384 0.254 1.168 1 -3.50 3.50 0.000 0.000 20 0.486 1.168 0.4860 1.1681
% 1770715445.84944 robobot/cmd/ti alive 2026-02-10 10:24:02.777098
1770715445.889409 0 0.387 0.263 1.192 1 -3.50 3.50 0.000 0.000 20 0.496 1.192 0.4956 1.1923
1770715445.935873 0 0.391 0.272 1.213 1 -3.50 3.50 0.000 0.000 20 0.505 1.213 0.5052 1.2132
1770715445.9391975 0 0.391 0.273 1.216 1 -3.50 3.50 0.000 0.000 20 0.505 1.216 0.5052 1.2155
1770715445.989069 0 0.394 0.282 1.239 1 -3.50 3.50 0.000 0.000 20 0.515 1.239 0.5149 1.2386
1770715446.0358982 0 0.397 0.291 1.261 1 -3.50 3.50 0.000 0.000 20 0.525 1.261 0.5246 1.2606
1770715446.039502 0 0.398 0.292 1.263 1 -3.50 3.50 0.000 0.000 20 0.526 1.263 0.5261 1.2629
1770715446.0893164 0 0.400 0.301 1.286 1 -3.50 3.50 0.000 0.000 20 0.536 1.286 0.5357 1.2860
1770715446.1361609 0 0.403 0.310 1.309 1 -3.50 3.50 0.000 0.000 20 0.545 1.309 0.5453 1.3092
1770715446.139668 0 0.403 0.311 1.310 1 -3.50 3.50 0.000 0.000 20 0.545 1.310 0.5453 1.3103
1770715446.1900032 0 0.406 0.321 1.335 1 -3.50 3.50 0.000 0.000 20 0.555 1.335 0.5550 1.3346
1770715446.2360778 0 0.408 0.329 1.357 1 -3.50 3.50 0.000 0.000 20 0.565 1.357 0.5646 1.3566
1770715446.2395415 0 0.408 0.330 1.359 1 -3.50 3.50 0.000 0.000 20 0.566 1.359 0.5661 1.3589
1770715446.290192 0 0.410 0.340 1.383 1 -3.50 3.50 0.000 0.000 20 0.576 1.383 0.5758 1.3832
1770715446.336548 0 0.411 0.349 1.404 1 -3.50 3.50 0.000 0.000 20 0.585 1.404 0.5855 1.4040
1770715446.33993 0 0.412 0.350 1.406 1 -3.50 3.50 0.000 0.000 20 0.585 1.406 0.5855 1.4063
% 1770715446.3526495 robobot/cmd/ti alive 2026-02-10 10:24:02.777098
1770715446.3905962 0 0.413 0.360 1.431 1 -3.50 3.50 0.000 0.000 20 0.597 1.431 0.5967 1.4306
1770715446.4362245 0 0.414 0.369 1.453 1 -3.50 3.50 0.000 0.000 20 0.605 1.453 0.6045 1.4526
1770715446.4400325 0 0.414 0.370 1.455 1 -3.50 3.50 0.000 0.000 20 0.606 1.455 0.6061 1.4549
1770715446.490383 0 0.415 0.380 1.478 1 -3.50 3.50 0.000 0.000 20 0.616 1.478 0.6157 1.4780
1770715446.5358443 0 0.416 0.389 1.501 1 -3.50 3.50 0.000 0.000 20 0.625 1.501 0.6253 1.5011
1770715446.5402675 0 0.416 0.390 1.501 1 -3.50 3.50 0.000 0.000 20 0.625 1.501 0.6253 1.5011
1770715446.5903857 0 0.417 0.400 1.525 1 -3.50 3.50 0.000 0.000 20 0.636 1.525 0.6365 1.5254
1770715446.6363773 0 0.417 0.409 1.547 1 -3.50 3.50 0.000 0.000 20 0.645 1.547 0.6446 1.5474
1770715446.640035 0 0.417 0.410 1.550 1 -3.50 3.50 0.000 0.000 20 0.646 1.550 0.6461 1.5497
1770715446.6913056 0 0.417 0.420 1.574 1 -3.50 3.50 0.000 0.000 20 0.656 1.574 0.6557 1.5740
1770715446.73581 0 0.417 0.429 1.595 1 -3.50 3.50 0.000 0.000 20 0.665 1.595 0.6655 1.5948
1770715446.740492 0 0.417 0.430 1.597 1 -3.50 3.50 0.000 0.000 20 0.665 1.597 0.6655 1.5971
1770715446.7897906 0 0.417 0.440 1.621 1 -3.50 3.50 0.000 0.000 20 0.677 1.621 0.6766 1.6214
1770715446.836399 0 0.416 0.449 1.643 1 -3.50 3.50 0.000 0.000 20 0.685 1.643 0.6845 1.6434
1770715446.8399005 0 0.416 0.450 1.646 1 -3.50 3.50 0.000 0.000 20 0.686 1.646 0.6862 1.6457
% 1770715446.8549228 robobot/cmd/ti alive 2026-02-10 10:24:02.777098
1770715446.890253 0 0.415 0.460 1.669 1 -3.50 3.50 0.000 0.000 20 0.696 1.669 0.6959 1.6688
1770715446.936275 0 0.414 0.469 1.691 1 -3.50 3.50 0.000 0.000 20 0.705 1.691 0.7054 1.6908
1770715446.9406738 0 0.414 0.470 1.693 1 -3.50 3.50 0.000 0.000 20 0.705 1.693 0.7054 1.6931
1770715446.9898143 0 0.413 0.479 1.717 1 -3.50 3.50 0.000 0.000 20 0.717 1.717 0.7166 1.7174
1770715447.0359268 0 0.411 0.488 1.739 1 -3.50 3.50 0.000 0.000 20 0.725 1.739 0.7248 1.7394
1770715447.040715 0 0.411 0.490 1.743 1 -3.50 3.50 0.000 0.000 20 0.726 1.743 0.7264 1.7429
1770715447.0905352 0 0.409 0.500 1.766 1 -3.50 3.50 0.000 0.000 20 0.736 1.766 0.7360 1.7660
1770715447.1361294 0 0.407 0.508 1.787 1 -3.50 3.50 0.000 0.000 20 0.745 1.787 0.7454 1.7868
1770715447.140763 0 0.407 0.509 1.790 1 -3.50 3.50 0.000 0.000 20 0.745 1.790 0.7454 1.7903
1770715447.1901314 0 0.405 0.519 1.815 1 -3.50 3.50 0.000 0.000 20 0.757 1.815 0.7567 1.8146
1770715447.2362187 0 0.403 0.528 1.835 1 -3.50 3.50 0.000 0.000 20 0.765 1.835 0.7647 1.8354
1770715447.2405164 0 0.402 0.529 1.838 1 -3.50 3.50 0.000 0.000 20 0.766 1.838 0.7664 1.8377
1770715447.2914119 0 0.400 0.538 1.862 1 -3.50 3.50 0.000 0.000 20 0.776 1.862 0.7760 1.8620
1770715447.3369935 0 0.397 0.547 1.883 1 -3.50 3.50 0.000 0.000 20 0.786 1.883 0.7857 1.8828
1770715447.3406677 0 0.397 0.548 1.886 1 -3.50 3.50 0.000 0.000 20 0.786 1.886 0.7857 1.8863
% 1770715447.357139 robobot/cmd/ti alive 2026-02-10 10:24:02.777098
1770715447.3910527 0 0.393 0.558 1.909 1 -3.50 3.50 0.000 0.000 20 0.797 1.909 0.7967 1.9094
1770715447.4373274 0 0.390 0.566 1.931 1 -3.50 3.50 0.000 0.000 20 0.805 1.931 0.8048 1.9314
1770715447.440811 0 0.390 0.567 1.934 1 -3.50 3.50 0.000 0.000 20 0.806 1.934 0.8063 1.9337
1770715447.4921358 0 0.386 0.576 1.958 1 -3.50 3.50 0.000 0.000 20 0.816 1.958 0.8159 1.9580
1770715447.5374472 0 0.383 0.584 1.979 1 -3.50 3.50 0.000 0.000 20 0.826 1.979 0.8256 1.9788
1770715447.5407736 0 0.382 0.585 1.982 1 -3.50 3.50 0.000 0.000 20 0.826 1.982 0.8256 1.9823
1770715447.5913436 0 0.378 0.594 2.007 1 -3.50 3.50 0.000 0.000 20 0.837 2.007 0.8368 2.0066
1770715447.6367652 0 0.375 0.602 2.027 1 -3.50 3.50 0.000 0.000 20 0.845 2.027 0.8447 2.0274
1770715447.6417084 0 0.374 0.604 2.030 1 -3.50 3.50 0.000 0.000 20 0.846 2.030 0.8464 2.0297
1770715447.6910312 0 0.370 0.612 2.053 1 -3.50 3.50 0.000 0.000 20 0.856 2.053 0.8561 2.0528
1770715447.737473 0 0.365 0.620 2.075 1 -3.50 3.50 0.000 0.000 20 0.866 2.075 0.8655 2.0748
1770715447.740925 0 0.365 0.621 2.077 1 -3.50 3.50 0.000 0.000 20 0.866 2.077 0.8655 2.0771
1770715447.7915502 0 0.360 0.630 2.100 1 -3.50 3.50 0.000 0.000 20 0.877 2.100 0.8769 2.1002
1770715447.8365538 0 0.355 0.637 2.121 1 -3.50 3.50 0.000 0.000 20 0.885 2.121 0.8849 2.1210
1770715447.8413262 0 0.355 0.638 2.124 1 -3.50 3.50 0.000 0.000 20 0.886 2.124 0.8864 2.1245
% 1770715447.858824 robobot/cmd/ti alive 2026-02-10 10:24:02.777098
1770715447.892184 0 0.349 0.647 2.149 1 -3.50 3.50 0.000 0.000 20 0.896 2.149 0.8960 2.1488
1770715447.9366684 0 0.344 0.654 2.171 1 -3.50 3.50 0.000 0.000 20 0.906 2.171 0.9056 2.1708
1770715447.9415536 0 0.344 0.655 2.173 1 -3.50 3.50 0.000 0.000 20 0.906 2.173 0.9056 2.1731
1770715447.9915953 0 0.338 0.663 2.197 1 -3.50 3.50 0.000 0.000 20 0.917 2.197 0.9169 2.1974
1770715448.036729 0 0.332 0.671 2.218 1 -3.50 3.50 0.000 0.000 20 0.925 2.218 0.9248 2.2182
1770715448.0417259 0 0.332 0.671 2.220 1 -3.50 3.50 0.000 0.000 20 0.926 2.220 0.9264 2.2205
1770715448.0922346 0 0.326 0.679 2.245 1 -3.50 3.50 0.000 0.000 20 0.936 2.245 0.9360 2.2448
1770715448.1373353 0 0.320 0.687 2.266 1 -3.50 3.50 0.000 0.000 20 0.946 2.266 0.9456 2.2656
1770715448.141865 0 0.319 0.687 2.268 1 -3.50 3.50 0.000 0.000 20 0.946 2.268 0.9456 2.2679
1770715448.1921709 0 0.313 0.695 2.291 1 -3.50 3.50 0.000 0.000 20 0.957 2.291 0.9567 2.2910
1770715448.237126 0 0.307 0.702 2.314 1 -3.50 3.50 0.000 0.000 20 0.965 2.314 0.9648 2.3141
1770715448.2418842 0 0.306 0.702 2.315 1 -3.50 3.50 0.000 0.000 20 0.966 2.315 0.9665 2.3153
1770715448.2936823 0 0.300 0.709 2.340 1 -3.50 3.50 0.000 0.000 20 0.976 2.340 0.9760 2.3396
1770715448.3370426 0 0.293 0.716 2.362 1 -3.50 3.50 0.000 0.000 20 0.986 2.362 0.9857 2.3616
1770715448.3424819 0 0.292 0.716 2.363 1 -3.50 3.50 0.000 0.000 20 0.986 2.363 0.9857 2.3627
% 1770715448.3607552 robobot/cmd/ti alive 2026-02-10 10:24:02.777098
1770715448.392505 0 0.285 0.723 2.387 1 -3.50 3.50 0.000 0.000 20 0.997 2.387 0.9968 2.3870
1770715448.437536 0 0.278 0.730 2.409 1 -3.50 3.50 0.000 0.000 20 1.005 2.409 1.0048 2.4090
1770715448.4420955 0 0.278 0.730 2.411 1 -3.50 3.50 0.000 0.000 20 1.007 2.411 1.0066 2.4113
1770715448.4929795 0 0.270 0.737 2.437 1 -3.50 3.50 0.000 0.000 20 1.016 2.437 1.0160 2.4367
1770715448.537043 0 0.264 0.742 2.455 1 -3.50 3.50 0.000 0.000 20 1.026 2.455 1.0258 2.4552
1770715448.5429318 0 0.262 0.743 2.461 1 -3.50 3.50 0.000 0.000 20 1.026 2.461 1.0258 2.4610
1770715448.5928147 0 0.254 0.750 2.484 1 -3.50 3.50 0.000 0.000 20 1.037 2.484 1.0370 2.4841
1770715448.6370912 0 0.248 0.754 2.503 1 -3.50 3.50 0.000 0.000 20 1.045 2.503 1.0450 2.5026
1770715448.6430767 0 0.246 0.756 2.508 1 -3.50 3.50 0.000 0.000 20 1.047 2.508 1.0466 2.5084
1770715448.6947904 0 0.238 0.761 2.531 1 -3.50 3.50 0.000 0.000 20 1.056 2.531 1.0562 2.5315
1770715448.737845 0 0.232 0.766 2.551 1 -3.50 3.50 0.000 0.000 20 1.066 2.551 1.0658 2.5512
1770715448.7444053 0 0.230 0.767 2.557 1 -3.50 3.50 0.000 0.000 20 1.067 2.557 1.0674 2.5570
1770715448.7928376 0 0.222 0.772 2.581 1 -3.50 3.50 0.000 0.000 20 1.077 2.581 1.0771 2.5813
1770715448.836927 0 0.215 0.777 2.599 1 -3.50 3.50 0.000 0.000 20 1.085 2.599 1.0851 2.5986
1770715448.842987 0 0.213 0.778 2.604 1 -3.50 3.50 0.000 0.000 20 1.087 2.604 1.0867 2.6044
% 1770715448.8624146 robobot/cmd/ti alive 2026-02-10 10:24:02.777098
1770715448.8936164 0 0.204 0.783 2.629 1 -3.50 3.50 0.000 0.000 20 1.096 2.629 1.0962 2.6287
1770715448.9373581 0 0.198 0.787 2.647 1 -3.50 3.50 0.000 0.000 20 1.106 2.647 1.1058 2.6472
1770715448.9436831 0 0.196 0.788 2.652 1 -3.50 3.50 0.000 0.000 20 1.108 2.652 1.1075 2.6518
1770715448.9928083 0 0.187 0.792 2.677 1 -3.50 3.50 0.000 0.000 20 1.117 2.677 1.1169 2.6772
1770715449.037027 0 0.180 0.796 2.696 1 -3.50 3.50 0.000 0.000 20 1.125 2.696 1.1251 2.6957
1770715449.043363 0 0.178 0.796 2.700 1 -3.50 3.50 0.000 0.000 20 1.127 2.700 1.1265 2.7004
1770715449.0938554 0 0.169 0.801 2.724 1 -3.50 3.50 0.000 0.000 20 1.136 2.724 1.1363 2.7235
1770715449.137669 0 0.161 0.804 2.743 1 -3.50 3.50 0.000 0.000 20 1.146 2.743 1.1459 2.7431
1770715449.1436594 0 0.159 0.805 2.748 1 -3.50 3.50 0.000 0.000 20 1.148 2.748 1.1476 2.7478
1770715449.192878 0 0.150 0.808 2.772 1 -3.50 3.50 0.000 0.000 20 1.157 2.772 1.1572 2.7721
1770715449.2375865 0 0.143 0.811 2.792 1 -3.50 3.50 0.000 0.000 20 1.165 2.792 1.1651 2.7917
1770715449.2431638 0 0.141 0.812 2.795 1 -3.50 3.50 0.000 0.000 20 1.167 2.795 1.1666 2.7952
1770715449.2942247 0 0.132 0.815 2.820 1 -3.50 3.50 0.000 0.000 20 1.176 2.820 1.1764 2.8195
1770715449.3376873 0 0.124 0.818 2.839 1 -3.50 3.50 0.000 0.000 20 1.186 2.839 1.1860 2.8391
1770715449.343893 0 0.122 0.818 2.844 1 -3.50 3.50 0.000 0.000 20 1.188 2.844 1.1875 2.8437
% 1770715449.366043 robobot/cmd/ti alive 2026-02-10 10:24:02.777098
1770715449.394357 0 0.112 0.821 2.867 1 -3.50 3.50 0.000 0.000 20 1.197 2.867 1.1972 2.8669
1770715449.437125 0 0.105 0.823 2.888 1 -3.50 3.50 0.000 0.000 20 1.205 2.888 1.2052 2.8877
1770715449.4441917 0 0.103 0.824 2.891 1 -3.50 3.50 0.000 0.000 20 1.207 2.891 1.2068 2.8912
1770715449.4945667 0 0.093 0.826 2.915 1 -3.50 3.50 0.000 0.000 20 1.216 2.915 1.2163 2.9154
1770715449.5375626 0 0.085 0.828 2.934 1 -3.50 3.50 0.000 0.000 20 1.226 2.934 1.2260 2.9339
1770715449.5448844 0 0.083 0.828 2.940 1 -3.50 3.50 0.000 0.000 20 1.227 2.940 1.2275 2.9397
1770715449.59402 0 0.073 0.830 2.964 1 -3.50 3.50 0.000 0.000 20 1.237 2.964 1.2370 2.9640
1770715449.6372209 0 0.065 0.831 2.982 1 -3.50 3.50 0.000 0.000 20 1.245 2.982 1.2452 2.9825
1770715449.6445413 0 0.064 0.832 2.987 1 -3.50 3.50 0.000 0.000 20 1.247 2.987 1.2469 2.9871
1770715449.6946855 0 0.054 0.833 3.011 1 -3.50 3.50 0.000 0.000 20 1.256 3.011 1.2564 3.0114
1770715449.7378228 0 0.046 0.834 3.030 1 -3.50 3.50 0.000 0.000 20 1.266 3.030 1.2660 3.0299
1770715449.7440422 0 0.044 0.834 3.036 1 -3.50 3.50 0.000 0.000 20 1.268 3.036 1.2676 3.0357
1770715449.7946873 0 0.034 0.835 3.060 1 -3.50 3.50 0.000 0.000 20 1.277 3.060 1.2772 3.0600
1770715449.8371415 0 0.026 0.836 3.079 1 -3.50 3.50 0.000 0.000 20 1.285 3.079 1.2852 3.0785
1770715449.8439827 0 0.024 0.836 3.083 1 -3.50 3.50 0.000 0.000 20 1.287 3.083 1.2869 3.0831
% 1770715449.8681161 robobot/cmd/ti alive 2026-02-10 10:24:02.777098
1770715449.8951714 0 0.013 0.836 3.109 1 -3.50 3.50 0.000 0.000 20 1.297 3.109 1.2965 3.1086
1770715449.9375103 0 0.005 0.836 3.128 1 -3.50 3.50 0.000 0.000 20 1.306 3.128 1.3060 3.1282
1770715449.944271 0 0.003 0.836 3.133 1 -3.50 3.50 0.000 0.000 20 1.308 3.133 1.3076 3.1328
% 1770715449.9765172 robobot/cmd/ti rc 0.0 0.0
1770715449.9953072 0 -0.006 0.836 -3.127 1 -3.50 3.50 0.000 0.000 20 1.317 3.156 1.3173 3.1560
1770715450.0380752 0 -0.010 0.836 -3.121 1 -3.50 3.50 0.000 0.000 20 1.322 3.162 1.3222 3.1618
1770715450.0452056 0 -0.011 0.836 -3.120 1 -3.50 3.50 0.000 0.000 20 1.323 3.163 1.3228 3.1629
1770715450.0955765 0 -0.011 0.836 -3.118 1 -3.50 3.50 0.000 0.000 20 1.325 3.165 1.3246 3.1652
1770715450.1375473 0 -0.011 0.836 -3.112 1 -3.50 3.50 0.000 0.000 20 1.325 3.171 1.3253 3.1710
1770715450.1454465 0 -0.011 0.836 -3.112 1 -3.50 3.50 0.000 0.000 20 1.325 3.171 1.3254 3.1710
1770715450.1953373 0 -0.011 0.836 -3.112 1 -3.50 3.50 0.000 0.000 20 1.326 3.171 1.3261 3.1710
1770715450.2377775 0 -0.011 0.836 -3.113 1 -3.50 3.50 0.000 0.000 20 1.326 3.170 1.3263 3.1699
1770715450.2448468 0 -0.011 0.836 -3.113 1 -3.50 3.50 0.000 0.000 20 1.326 3.170 1.3263 3.1699
1770715450.2965765 0 -0.011 0.836 -3.113 1 -3.50 3.50 0.000 0.000 20 1.326 3.170 1.3264 3.1699
1770715450.3374252 0 -0.011 0.836 -3.113 1 -3.50 3.50 0.000 0.000 20 1.327 3.170 1.3265 3.1699
1770715450.3456178 0 -0.011 0.836 -3.113 1 -3.50 3.50 0.000 0.000 20 1.327 3.170 1.3265 3.1699
% 1770715450.370126 robobot/cmd/ti alive 2026-02-10 10:24:02.777098
1770715450.394774 0 -0.011 0.836 -3.113 1 -3.50 3.50 0.000 0.000 20 1.327 3.170 1.3266 3.1699
1770715450.438557 0 -0.011 0.836 -3.113 1 -3.50 3.50 0.000 0.000 20 1.327 3.170 1.3266 3.1699
1770715450.4453506 0 -0.011 0.836 -3.113 1 -3.50 3.50 0.000 0.000 20 1.327 3.170 1.3266 3.1699
1770715450.4963734 0 -0.011 0.836 -3.113 1 -3.50 3.50 0.000 0.000 20 1.327 3.170 1.3266 3.1699
1770715450.537916 0 -0.011 0.836 -3.113 1 -3.50 3.50 0.000 0.000 20 1.327 3.170 1.3266 3.1699
1770715450.5458028 0 -0.011 0.836 -3.113 1 -3.50 3.50 0.000 0.000 20 1.327 3.170 1.3266 3.1699
1770715450.5951753 0 -0.011 0.836 -3.113 1 -3.50 3.50 0.000 0.000 20 1.327 3.170 1.3267 3.1699
1770715450.6379943 0 -0.011 0.836 -3.113 1 -3.50 3.50 0.000 0.000 20 1.327 3.170 1.3267 3.1699
1770715450.6459758 0 -0.011 0.836 -3.113 1 -3.50 3.50 0.000 0.000 20 1.327 3.170 1.3267 3.1699
1770715450.6971042 0 -0.011 0.836 -3.113 1 -3.50 3.50 0.000 0.000 20 1.327 3.170 1.3267 3.1699
1770715450.7375817 0 -0.011 0.836 -3.113 1 -3.50 3.50 0.000 0.000 20 1.327 3.170 1.3267 3.1699
1770715450.7462406 0 -0.011 0.836 -3.113 1 -3.50 3.50 0.000 0.000 20 1.327 3.170 1.3267 3.1699
% 1770715450.785555 robobot/cmd/ti rc 0.0 0.0
% 1770715450.7867825 robobot/cmd/T0 leds 16 0 0 0
% 1770715450.7869253 % State change from -1 to 100
1770715450.796188 0 -0.011 0.836 -3.113 1 -3.50 3.50 0.000 0.000 20 1.327 3.170 1.3267 3.1699
1770715450.8376741 0 -0.011 0.836 -3.113 1 -3.50 3.50 0.000 0.000 20 1.327 3.170 1.3267 3.1699
1770715450.8457787 0 -0.011 0.836 -3.113 1 -3.50 3.50 0.000 0.000 20 1.327 3.170 1.3267 3.1699
% 1770715450.8728642 robobot/cmd/ti alive 2026-02-10 10:24:02.777098
% 1770715450.888683 robobot/cmd/T0 leds 16 0 0 0
% 1770715450.8903809 robobot/cmd/ti rc 0 0
% 1770715450.8914883 robobot/cmd/T0 servo 1 0 0
1770715450.897182 0 -0.011 0.836 -3.113 1 -3.50 3.50 0.000 0.000 20 1.327 3.170 1.3267 3.1699
1770715450.9378908 0 -0.011 0.836 -3.113 1 -3.50 3.50 0.000 0.000 20 1.327 3.170 1.3267 3.1699
1770715450.9460785 0 -0.011 0.836 -3.113 1 -3.50 3.50 0.000 0.000 20 1.327 3.170 1.3267 3.1699
% 1770715450.9632144 robobot/cmd/ti rc 0 0
% 1770715450.9846234 robobot/cmd/T0 stop
% 1770715450.9858837 robobot/cmd/T0 leds 14 0 0 0
1770715450.9961712 0 -0.011 0.836 -3.113 1 -3.50 3.50 0.000 0.000 20 1.327 3.170 1.3267 3.1699
% 1770715450.9971912 robobot/cmd/T0 leds 15 0 0 0
% 1770715450.9980485 robobot/cmd/T0 leds 16 0 0 0
% 1770715451.0092945 robobot/cmd/ti log 0
